{
  "best_params": {
    "iterations": 331,
    "depth": 2,
    "learning_rate": 0.018522,
    "l2_leaf_reg": 3.272855,
    "bagging_temperature": 0.324958
  },
  "final_result": {
    "name": "CatBoost",
    "accuracy": 0.6391752577319587,
    "f1_macro": 0.5775522412690554,
    "f1_weighted": 0.6585548381005001,
    "log_loss": 0.8434434980889645,
    "brier_score": 0.16251409473564266,
    "actuals_enc": [
      1,
      1,
      1,
      1,
      1,
      1,
      1,
      1,
      1,
      1,
      1,
      2,
      1,
      1,
      1,
      1,
      1,
      1,
      1,
      2,
      1,
      2,
      1,
      2,
      1,
      1,
      1,
      2,
      1,
      2,
      1,
      2,
      1,
      2,
      1,
      2,
      1,
      1,
      1,
      1,
      0,
      0,
      1,
      0,
      1,
      1,
      0,
      0,
      1,
      1,
      1,
      1,
      1,
      1,
      1,
      1,
      1,
      1,
      1,
      1,
      1,
      1,
      1,
      1,
      2,
      2,
      2,
      2,
      2,
      2,
      2,
      2,
      2,
      2,
      1,
      2,
      1,
      1,
      1,
      1,
      1,
      1,
      1,
      1,
      0,
      0,
      0,
      1,
      1,
      1,
      1,
      1,
      0,
      0,
      0,
      1,
      1
    ],
    "preds_enc": [
      1,
      1,
      1,
      1,
      1,
      1,
      1,
      1,
      1,
      1,
      1,
      1,
      2,
      1,
      1,
      1,
      1,
      1,
      1,
      1,
      2,
      1,
      2,
      2,
      2,
      2,
      1,
      2,
      1,
      1,
      1,
      2,
      1,
      2,
      1,
      2,
      1,
      2,
      2,
      2,
      2,
      0,
      0,
      0,
      0,
      2,
      2,
      2,
      1,
      1,
      1,
      1,
      1,
      1,
      1,
      1,
      1,
      1,
      1,
      1,
      1,
      1,
      1,
      1,
      2,
      1,
      2,
      2,
      2,
      2,
      2,
      2,
      2,
      2,
      2,
      2,
      2,
      2,
      2,
      2,
      2,
      2,
      1,
      1,
      1,
      2,
      0,
      0,
      0,
      0,
      0,
      0,
      0,
      0,
      0,
      0,
      0
    ],
    "actuals_orig": [
      0,
      0,
      0,
      0,
      0,
      0,
      0,
      0,
      0,
      0,
      0,
      1,
      0,
      0,
      0,
      0,
      0,
      0,
      0,
      1,
      0,
      1,
      0,
      1,
      0,
      0,
      0,
      1,
      0,
      1,
      0,
      1,
      0,
      1,
      0,
      1,
      0,
      0,
      0,
      0,
      -1,
      -1,
      0,
      -1,
      0,
      0,
      -1,
      -1,
      0,
      0,
      0,
      0,
      0,
      0,
      0,
      0,
      0,
      0,
      0,
      0,
      0,
      0,
      0,
      0,
      1,
      1,
      1,
      1,
      1,
      1,
      1,
      1,
      1,
      1,
      0,
      1,
      0,
      0,
      0,
      0,
      0,
      0,
      0,
      0,
      -1,
      -1,
      -1,
      0,
      0,
      0,
      0,
      0,
      -1,
      -1,
      -1,
      0,
      0
    ],
    "preds_orig": [
      0,
      0,
      0,
      0,
      0,
      0,
      0,
      0,
      0,
      0,
      0,
      0,
      1,
      0,
      0,
      0,
      0,
      0,
      0,
      0,
      1,
      0,
      1,
      1,
      1,
      1,
      0,
      1,
      0,
      0,
      0,
      1,
      0,
      1,
      0,
      1,
      0,
      1,
      1,
      1,
      1,
      -1,
      -1,
      -1,
      -1,
      1,
      1,
      1,
      0,
      0,
      0,
      0,
      0,
      0,
      0,
      0,
      0,
      0,
      0,
      0,
      0,
      0,
      0,
      0,
      1,
      0,
      1,
      1,
      1,
      1,
      1,
      1,
      1,
      1,
      1,
      1,
      1,
      1,
      1,
      1,
      1,
      1,
      0,
      0,
      0,
      1,
      -1,
      -1,
      -1,
      -1,
      -1,
      -1,
      -1,
      -1,
      -1,
      -1,
      -1
    ],
    "probas": [
      [
        0.028281284789483687,
        0.9434374304210327,
        0.0282812847894837
      ],
      [
        0.027772609087543542,
        0.9444547818249129,
        0.027772609087543542
      ],
      [
        0.030013267110332597,
        0.9399734657793349,
        0.030013267110332597
      ],
      [
        0.026840032649096568,
        0.9463199347018068,
        0.026840032649096568
      ],
      [
        0.02624255112612912,
        0.9475148977477417,
        0.026242551126129134
      ],
      [
        0.02655852187441404,
        0.9468829562511717,
        0.02655852187441404
      ],
      [
        0.025656922894277435,
        0.9486861542114453,
        0.025656922894277435
      ],
      [
        0.02560594156077534,
        0.9487881168784491,
        0.02560594156077534
      ],
      [
        0.02562012650554505,
        0.94875974698891,
        0.025620126505545064
      ],
      [
        0.022702353401194787,
        0.9545952931976103,
        0.022702353401194787
      ],
      [
        0.025846986851003978,
        0.9483060262979921,
        0.025846986851003978
      ],
      [
        0.024965279272534512,
        0.9500694414549309,
        0.024965279272534512
      ],
      [
        0.06780550974336907,
        0.38046224512108334,
        0.5517322451355476
      ],
      [
        0.07323446041681715,
        0.707233859086332,
        0.2195316804968509
      ],
      [
        0.0682366122449788,
        0.5534444192744246,
        0.3783189684805966
      ],
      [
        0.05855829475334576,
        0.8070947327196275,
        0.13434697252702663
      ],
      [
        0.051351703237439164,
        0.8471638825657735,
        0.10148441419678733
      ],
      [
        0.052141828857705685,
        0.8440075513698363,
        0.10385061977245795
      ],
      [
        0.04659390712872133,
        0.8777969248338415,
        0.0756091680374372
      ],
      [
        0.04878143183308261,
        0.8548269892907332,
        0.09639157887618426
      ],
      [
        0.02932285221381615,
        0.0802774791093692,
        0.8903996686768145
      ],
      [
        0.06400775823389093,
        0.519903176679003,
        0.4160890650871059
      ],
      [
        0.06508940268008795,
        0.3682410963930655,
        0.5666695009268466
      ],
      [
        0.04764605515636402,
        0.22193664396426893,
        0.7304173008793671
      ],
      [
        0.06697183475034554,
        0.41365001567780285,
        0.5193781495718516
      ],
      [
        0.041306812622289316,
        0.3321639412112696,
        0.6265292461664411
      ],
      [
        0.0506084191279526,
        0.5754098493771579,
        0.3739817314948896
      ],
      [
        0.03150212761229747,
        0.11684493418798783,
        0.8516529381997147
      ],
      [
        0.05904377527473045,
        0.7627816673416655,
        0.178174557383604
      ],
      [
        0.04457787560075634,
        0.6424165729917579,
        0.31300555140748576
      ],
      [
        0.06707083831301977,
        0.5919922091601237,
        0.34093695252685646
      ],
      [
        0.013546380368874376,
        0.05165442891324496,
        0.9347991907178808
      ],
      [
        0.055935635218165164,
        0.735104673664848,
        0.20895969111698678
      ],
      [
        0.013073065106765888,
        0.0456024779021713,
        0.9413244569910629
      ],
      [
        0.0546233990961032,
        0.6747083089613486,
        0.2706682919425482
      ],
      [
        0.031501403247096715,
        0.269206307949116,
        0.6992922888037874
      ],
      [
        0.0540957631832334,
        0.7042553676449603,
        0.24164886917180636
      ],
      [
        0.01157696149029817,
        0.0340443338808139,
        0.9543787046288879
      ],
      [
        0.019622439301802914,
        0.08926391980123571,
        0.8911136408969613
      ],
      [
        0.04251351646569892,
        0.3734296494780706,
        0.5840568340562303
      ],
      [
        0.03945273895513042,
        0.4421095757875003,
        0.5184376852573693
      ],
      [
        0.6372943642698033,
        0.23227828835627506,
        0.13042734737392148
      ],
      [
        0.7674249076008777,
        0.08478074233015377,
        0.14779435006896868
      ],
      [
        0.5867453254197564,
        0.1637677794956728,
        0.2494868950845707
      ],
      [
        0.732340592907397,
        0.09710577622630216,
        0.17055363086630088
      ],
      [
        0.38757224152696745,
        0.19927412253337917,
        0.4131536359396534
      ],
      [
        0.10952907143160436,
        0.15219022972201493,
        0.7382806988463807
      ],
      [
        0.3400744049346213,
        0.24088961587036137,
        0.4190359791950172
      ],
      [
        0.24593255177254822,
        0.383827020504423,
        0.3702404277230288
      ],
      [
        0.09103898126174141,
        0.6408529436466701,
        0.26810807509158857
      ],
      [
        0.04728653245581227,
        0.8409223892613066,
        0.11179107828288122
      ],
      [
        0.03480696497505201,
        0.812136979493261,
        0.153056055531687
      ],
      [
        0.027708084404800666,
        0.8597847959873195,
        0.11250711960787975
      ],
      [
        0.019862742952720683,
        0.9005659560783921,
        0.07957130096888727
      ],
      [
        0.023678855489462573,
        0.8921117802986884,
        0.08420936421184914
      ],
      [
        0.02960188753521453,
        0.8568694379752819,
        0.11352867448950367
      ],
      [
        0.030518035286794507,
        0.8387446539592905,
        0.130737310753915
      ],
      [
        0.04707121063266591,
        0.7374130067041412,
        0.21551578266319293
      ],
      [
        0.05998526202366635,
        0.6337242945428502,
        0.30629044343348344
      ],
      [
        0.04525407430154124,
        0.6365225843233294,
        0.31822334137512925
      ],
      [
        0.05146482607128052,
        0.6865324435545814,
        0.2620027303741379
      ],
      [
        0.05448223553446538,
        0.6145651062134603,
        0.3309526582520742
      ],
      [
        0.05640016316955588,
        0.5678184174290744,
        0.37578141940136967
      ],
      [
        0.06574579325392985,
        0.521368964841893,
        0.4128852419041772
      ],
      [
        0.08458770867614457,
        0.4048756495881853,
        0.51053664173567
      ],
      [
        0.05565494882114339,
        0.5422646257484853,
        0.40208042543037126
      ],
      [
        0.0759928159719135,
        0.2253004895806205,
        0.6987066944474659
      ],
      [
        0.1428719612229655,
        0.1530420716942878,
        0.7040859670827466
      ],
      [
        0.13008938446315335,
        0.1730087677847657,
        0.696901847752081
      ],
      [
        0.2757388082923453,
        0.11848957751591953,
        0.6057716141917352
      ],
      [
        0.21424616801567534,
        0.11272836330967137,
        0.6730254686746533
      ],
      [
        0.1197527970361216,
        0.10302932624988172,
        0.7772178767139968
      ],
      [
        0.15100158135425315,
        0.07055811688083446,
        0.7784403017649123
      ],
      [
        0.06762311071158596,
        0.07536925079284384,
        0.8570076384955703
      ],
      [
        0.12017481690865606,
        0.06660946248797987,
        0.8132157206033641
      ],
      [
        0.08156610816550151,
        0.10290905233024955,
        0.8155248395042489
      ],
      [
        0.053496212593511436,
        0.0763668750407528,
        0.8701369123657359
      ],
      [
        0.1534525438305042,
        0.10249150521378697,
        0.7440559509557089
      ],
      [
        0.08690298712149626,
        0.19698891678047717,
        0.7161080960980266
      ],
      [
        0.08683993278565479,
        0.21693107875538784,
        0.6962289884589573
      ],
      [
        0.06896296105699828,
        0.3325151592411855,
        0.5985218797018161
      ],
      [
        0.10143310822731214,
        0.4237811129313433,
        0.47478577884134443
      ],
      [
        0.09337676802151121,
        0.517290834545248,
        0.38933239743324083
      ],
      [
        0.09090287409403855,
        0.5754848936590008,
        0.3336122322469608
      ],
      [
        0.08238585887662474,
        0.634127977147822,
        0.28348616397555326
      ],
      [
        0.3327589961721547,
        0.2625697671041841,
        0.4046712367236612
      ],
      [
        0.6863148502033853,
        0.14598472158992054,
        0.16770042820669404
      ],
      [
        0.7317363528059413,
        0.12787884089997484,
        0.1403848062940839
      ],
      [
        0.5437300547220367,
        0.18113966402382284,
        0.2751302812541404
      ],
      [
        0.45950983093967035,
        0.23065531123665817,
        0.30983485782367143
      ],
      [
        0.5184379162445054,
        0.2229157933970956,
        0.2586462903583989
      ],
      [
        0.39933539713204896,
        0.2540963254393753,
        0.3465682774285757
      ],
      [
        0.47148737564468596,
        0.29288118493140286,
        0.23563143942391118
      ],
      [
        0.7346578847286439,
        0.15156726560286551,
        0.11377484966849054
      ],
      [
        0.7235205968966849,
        0.1525707226594534,
        0.12390868044386161
      ],
      [
        0.7438727991125724,
        0.1314767773440497,
        0.12465042354337788
      ],
      [
        0.4470145450783194,
        0.23786424962979838,
        0.3151212052918821
      ]
    ]
  }
}